layout_spectrum: 0.640257
typography_spectrum: 0.6784143
color:
  saturation: 0.8291227
  lightness: 0.4964617
  brandStrength: 0.5612079
  rhythmicContrast: 0.1440778
name: Martial Arts
